0 0
1 0
2 0
3 0
4 0
5 0
6 0
7 0
8 0
9 0
10 0
11 0
12 0
13 0
14 0
15 0
16 0
17 0
18 0
19 0
20 0
21 0
22 0
23 0
24 0
25 0
26 0
27 0
28 0
29 0
30 0
31 0
32 0
33 0
34 0
35 0
36 0
37 0
38 0
39 0
40 0
41 0
42 0
43 0
44 0
45 0
46 0
47 0
48 0
49 1
50 1
51 1
52 1
53 1
54 1
55 1
56 1
57 1
58 1
59 1
60 1
61 2
62 2
63 2
64 2
65 2
66 2
67 2
68 2
69 2
70 2
71 2
72 3
73 3
74 3
75 3
76 3
77 3
78 3
79 3
80 3
81 3
82 3
83 3
84 4
85 4
86 4
87 4
88 4
89 4
90 4
91 4
92 4
93 4
94 4
95 4
96 5
97 5
98 5
99 5
100 5
101 5
102 5
103 6
104 6
105 6
106 6
107 6
108 6
109 6
110 6
111 6
112 6
113 6
114 6
115 6
116 7
117 7
118 7
119 7
120 7
121 7
122 7
123 7
124 8
125 8
126 8
127 8
128 8
129 8
130 8
131 8
132 8
133 8
134 8
135 8
136 9
137 9
138 9
139 9
140 9
141 9
142 9
143 9
144 10
145 10
146 10
147 10
148 10
149 10
150 10
151 10
152 10
153 11
154 11
155 11
156 11
157 11
158 11
159 11
160 11
161 11
162 11
163 12
164 12
165 12
166 12
167 12
168 12
169 12
170 12
171 12
172 12
173 12
174 12
175 12
176 12
177 13
178 13
179 13
180 13
181 13
182 13
183 13
184 13
185 13
186 13
187 14
188 14
189 14
190 14
191 14
192 14
193 14
194 14
195 14
196 14
197 14
198 14
199 14
200 14
201 14
202 15
203 15
204 15
205 15
206 15
207 15
208 15
209 15
210 15
211 15
212 15
213 15
214 15
215 15
216 15
217 15
218 15
219 15
220 15
221 16
222 16
223 16
224 16
225 16
226 16
227 16
228 16
229 16
230 16
231 16
232 16
233 16
234 16
235 16
236 16
237 16
238 16
239 17
240 17
241 17
242 17
243 17
244 17
245 17
246 17
247 17
248 17
249 17
250 17
251 17
252 17
253 17
254 17
255 17
256 17
257 17
258 17
259 17
260 17
261 17
262 17
263 17
264 17
265 17
266 17
267 17
268 17
269 17
270 18
271 18
272 18
273 18
274 18
275 18
276 18
277 18
278 18
279 18
280 18
281 18
282 18
283 18
284 18
285 18
286 18
287 18
288 18
289 18
290 18
291 18
292 18
293 18
294 18
295 18
296 18
297 18
298 18
299 18
300 18
301 18
302 18
303 18
304 18
305 18
306 19
307 19
308 19
309 19
310 19
311 19
312 19
313 19
314 19
315 19
316 19
317 19
318 19
319 19
320 19
321 19
322 19
323 19
324 19
325 19
326 19
327 19
328 19
329 19
330 19
331 19
332 19
333 19
334 19
335 19
336 19
337 19
338 19
339 19
340 19
341 19
342 19
343 19
344 19
345 19
346 19
347 19
348 19
349 19
350 19
351 19
352 19
353 19
354 19
355 19
356 19
357 19
358 19
359 19
360 19
361 19
362 19
363 19
364 19
365 19
366 19
367 19
368 19
369 19
370 19
371 19
372 19
373 19
374 19
375 19
376 19
377 19
378 19
379 19
380 19
381 19
382 19
383 19
384 19
385 19
386 19
387 19
388 19
389 19
390 19
391 19
392 19
393 19
394 19
395 19
396 19
397 19
398 19
399 19
400 19
401 19
402 19
403 20
404 20
405 20
406 20
407 20
408 20
409 20
410 20
411 20
412 20
413 20
414 20
415 20
416 20
417 20
418 20
419 20
420 20
421 20
422 20
423 20
424 20
425 20
426 20
427 20
428 20
429 20
430 20
431 20
432 20
433 20
434 20
435 20
436 20
437 20
438 20
439 20
440 20
441 20
442 20
443 20
444 20
445 20
446 20
447 20
448 20
449 20
450 20
451 20
452 20
453 20
454 20
455 20
456 20
457 20
458 20
459 20
460 20
461 20
462 20
463 20
464 20
465 20
466 20
467 20
468 20
469 20
470 20
471 20
472 20
473 20
474 20
475 20
476 20
477 20
478 20
479 20
480 20
481 20
482 20
483 20
484 20
485 20
486 20
487 20
488 20
489 20
490 20
491 20
492 20
493 20
494 20
495 20
496 20
497 20
498 20
499 20
500 20
501 20
502 20
503 20
504 20
505 20
506 20
507 20
508 20
509 20
510 20
511 20
512 20
513 20
514 20
515 20
516 20
517 20
518 20
519 20
520 20
521 20
522 20
523 20
524 20
525 20
526 20
527 20
528 20
529 20
530 20
531 20
532 20
533 20
534 20
535 20
536 20
537 20
538 20
539 20
540 20
541 20
542 20
543 20
544 20
545 20
546 20
547 20
548 20
549 20
550 20
551 20
552 20
553 20
554 20
555 20
556 20
557 20
558 20
559 20
560 20
561 20
562 20
563 20
564 20
565 20
566 20
567 20
568 20
569 20
570 20
571 20
572 20
573 20
574 20
575 20
576 20
577 20
578 20
579 20
580 20
581 20
582 20
583 20
584 20
585 20
586 20
587 20
588 20
589 20
590 20
591 20
592 20
593 20
594 20
595 20
596 20
597 20
598 20
599 20
600 20
601 20
602 20
603 20
604 20
605 20
606 20
607 20
608 20
609 20
610 20
611 20
612 20
613 20
614 20
615 20
616 20
617 20
618 20
619 20
620 20
621 20
622 20
623 20
624 20
625 20
626 20
627 20
628 20
629 20
630 20
631 20
632 20
633 20
634 20
635 20
636 20
637 20
638 20
639 20
640 20
641 20
642 20
643 20
644 20
645 20
646 20
647 20
648 20
649 20
650 20
651 20
652 20
653 20
654 20
655 20
656 20
657 20
658 20
659 20
660 20
661 20
662 20
663 20
664 20
665 20
666 20
667 20
668 20
669 20
670 20
671 20
672 20
673 20
674 20
675 20
676 20
677 20
678 20
679 20
680 20
681 20
682 20
683 20
684 20
685 20
686 20
687 20
688 20
689 20
690 20
691 20
692 20
693 20
694 20
695 20
696 20
697 20
698 20
699 20
700 20
701 20
702 20
703 20
704 20
705 20
706 20
707 20
708 20
709 20
710 20
711 20
712 20
713 20
714 20
715 20
716 20
717 20
718 20
719 20
720 20
721 20
722 20
723 20
724 20
725 20
726 20
727 20
728 20
729 20
730 20
731 20
732 20
733 20
734 20
735 20
736 20
737 20
738 20
739 20
740 20
741 20
742 20
743 20
744 20
745 20
746 20
747 20
748 20
749 20
750 20
751 20
752 20
753 20
754 20
755 20
756 20
757 20
758 20
759 20
760 20
761 20
762 20
763 20
764 20
765 20
766 20
767 20
768 20
769 20
770 20
771 20
772 20
773 20
774 20
775 20
